%YAML:1.0
---
model_type: PINHOLE
camera_name: camera
image_width: 640
image_height: 480
distortion_parameters:
   k1: 0.0
   k2: 0.0
   p1: 0.0
   p2: 0.0
projection_parameters:
   fx: 382.3923645019531
   fy: 382.3923645019531
   cx: 323.07318115234375
   cy: 234.0306854248047
